    unsorted:	 0.004935102508 0.004934944665 0.004937279863 0.005699265673 0.01789569441 0.01465988855 0.1744475029 0.2005716356 1.218500749 2.428184539 2.874679203 4.111733720 5.800765633 171.3472991 171.3472991 228.7221167 584.0887607 570.9452605 528.7788494 516.6962886 451.5324253 416.5500025 634.9450716 680.0709703 310.2495583 744.9821108 841.0229020 835.7356725 894.7836155 947.6387042 969.0227136 994.3269142 1015.609914 1047.762948 1066.290710 1104.438273 1135.109761 1276.121742 1271.794859 1384.498503 1374.733849 1627.039861 1642.212609 1746.240739 1816.833598 1853.898298 2174.384481 2274.231841 2410.818973 2578.969474 2846.454658 3076.260120 3370.562071 3794.407567 4145.087631 5210.304676 5842.998465 6046.008653 29946.33791
      sorted:	 0.004934944665 0.004935102508 0.004937279863 0.005699265673 0.01465988855 0.01789569441 0.1744475029 0.2005716356 1.218500749 2.428184539 2.874679203 4.111733720 5.800765633 171.3472991 171.3472991 228.7221167 310.2495583 416.5500025 451.5324253 516.6962886 528.7788494 570.9452605 584.0887607 634.9450716 680.0709703 744.9821108 835.7356725 841.0229020 894.7836155 947.6387042 969.0227136 994.3269142 1015.609914 1047.762948 1066.290710 1104.438273 1135.109761 1271.794859 1276.121742 1374.733849 1384.498503 1627.039861 1642.212609 1746.240739 1816.833598 1853.898298 2174.384481 2274.231841 2410.818973 2578.969474 2846.454658 3076.260120 3370.562071 3794.407567 4145.087631 5210.304676 5842.998465 6046.008653 29946.33791
