    unsorted:	 171.3472991 171.3472991 171.3472991 171.3472991 171.3472991 171.3472991 171.3472991 171.3472991 171.3472991 171.3472991 171.3472991 171.3472991 171.3472991 171.3472991 171.3472991 171.3472991 171.3472991 171.3472991 171.3472991 171.3472991 171.3472991 0.005186592433 0.03916539334 0.2487289698 0.2292466375 0.5467766535 717.3019583 703.3815805 688.7711320 672.2924510 645.3075106 517.3165452 497.5927187 436.0333876 454.5700048 832.5801250 343.4301656 903.1440236 913.0285920 962.5748789 1006.469532 1091.859162 1084.383613 1106.871795 299.1486907 242.1405075 1269.579641 1311.375287 1364.194627 1456.796857 1525.744161 1626.743267 1728.369689 1894.605970 2074.488636 2134.983159 2368.051830 2498.146701 2695.363048 3027.830130 3361.006291 3339.690499 4057.356482 4197.113731 4274.417596 4705.120442 5286.578523 5619.227400 6036.438489 6481.515917 7143.816069 9479.882259 9711.357677 12268.62413 30031.24575 30903.15846 36923.96067 106383.3681
      sorted:	 0.005186592433 0.03916539334 0.2292466375 0.2487289698 0.5467766535 171.3472991 171.3472991 171.3472991 171.3472991 171.3472991 171.3472991 171.3472991 171.3472991 171.3472991 171.3472991 171.3472991 171.3472991 171.3472991 171.3472991 171.3472991 171.3472991 171.3472991 171.3472991 171.3472991 171.3472991 171.3472991 242.1405075 299.1486907 343.4301656 436.0333876 454.5700048 497.5927187 517.3165452 645.3075106 672.2924510 688.7711320 703.3815805 717.3019583 832.5801250 903.1440236 913.0285920 962.5748789 1006.469532 1084.383613 1091.859162 1106.871795 1269.579641 1311.375287 1364.194627 1456.796857 1525.744161 1626.743267 1728.369689 1894.605970 2074.488636 2134.983159 2368.051830 2498.146701 2695.363048 3027.830130 3339.690499 3361.006291 4057.356482 4197.113731 4274.417596 4705.120442 5286.578523 5619.227400 6036.438489 6481.515917 7143.816069 9479.882259 9711.357677 12268.62413 30031.24575 30903.15846 36923.96067 106383.3681
